206 206 -67.55597782
207 207 -41.84636927
208 208 -33.0327061
209 209 -70.96669254
210 210 -42.7143684
211 211 -62.63096172
212 212 -67.22746841
213 213 157.8352553
214 214 90.11143533
215 215 -65.09864138
216 216 -48.28269509
217 217 5.883049412
218 218 NA
219 219 -15.45480835
221 221 -21.513246
222 222 92.91904819
223 223 -15.45480835
224 224 NA
225 225 -58.08370934
226 226 NA
227 227 -5.49944506
228 228 -86.19228866
229 229 59.50845511
230 230 -41.32819977
231 231 24.97481689
232 232 38.45135863
233 233 NA
234 234 24.8759503
235 235 17.67502344
236 236 110.0610294
237 237 -20.10397235
238 238 -92.0081861
239 239 -16.6194449
240 240 9.537153091
241 241 NA
242 242 -87.67728745
243 243 NA
244 244 -30.61591782
245 245 19.35959116
246 246 -28.81390872
247 247 -16.98865823
248 248 -43.76036407
249 249 -28.9313501
250 250 -44.04601052
251 251 -11.69442879
252 252 85.94195248
253 253 -12.64719549
254 254 -4.224356898
255 255 -22.19307923
256 256 -112.2037479
257 257 -64.05331002
258 258 106.3955899
259 259 124.9258348
260 260 -42.40789185
261 261 -16.42394126
262 262 59.87625569
263 263 10.66405243
264 264 92.93196316
265 265 -2.852814377
266 266 -5.908924617
267 267 -49.82734894
268 268 57.22753203
269 269 53.14635805
270 270 -101.3964578
271 271 -66.33834584
272 272 -13.77024064
273 273 -9.816833419
274 274 6.569704668
275 275 3.705353956
276 276 5.801377339
277 277 60.91226154
278 278 23.41047903
279 279 20.4826363
280 280 -65.43031733
281 281 -106.6841794
282 282 42.96940821
283 283 -10.91728905
284 284 -94.6755538
285 285 37.88983606
286 286 94.59427266
287 287 -24.93191706
288 288 16.55197829
289 289 50.54105499
290 290 -92.12290029
291 291 92.91904819
292 292 26.44945158
293 293 -45.13702712
294 294 -45.77702728
295 295 -14.76923694
296 296 34.52070062
297 297 NA
298 298 -88.7028949
299 299 -69.16725335
300 300 -98.42420107
301 301 31.15156519
302 302 53.00873465
303 303 71.59368585
304 304 103.7365979
305 305 49.68181009
306 306 -102.5112293
307 307 94.04209334
308 308 110.4258978
309 309 37.94152792
310 310 43.37209329
311 311 14.86741058
312 312 80.43530027
313 313 143.2689728
314 314 25.9912591
315 315 68.43767467
316 316 39.71977305
317 317 -10.72045082
318 318 -85.83575068
319 319 NA
320 320 NA
321 321 22.72214751
322 322 -54.81754071
323 323 49.56707702
324 324 -19.66876066
325 325 -10.0321193
326 326 127.3485395
327 327 -57.56900131
328 328 -74.73528274
329 329 -57.67928866
330 330 -94.00856547
331 331 -4.59758563
332 332 54.73551324
333 333 90.11143533
334 334 18.59215835
335 335 27.22090718
336 336 8.690662276
337 337 180.5165695
338 338 126.7490162
339 339 81.12707416
340 340 109.2032028
341 341 -104.0638255
342 342 NA
343 343 NA
344 344 -23.26517384
345 345 NA
346 346 NA
347 347 -63.95580428
348 348 -57.72383282
349 349 -58.93459179
350 350 -26.29671058
351 351 -3.148804036
352 352 7.176168854
353 353 -78.56928224
354 354 194.3821452
355 355 -49.14616272
356 356 78.88098387
357 357 -106.5953712
358 358 -11.21274668
359 359 -117.1158477
360 360 -24.77272779
361 361 -79.75044165
362 362 -1.978266607
363 363 127.1719251
364 364 NA
365 365 NA
366 366 NA
367 367 NA
368 368 NA
369 369 NA
370 370 NA
371 371 NA
372 372 NA
373 373 NA
374 374 51.3948045
375 375 20.25446785
376 376 -136.6851201
377 377 NA
378 378 NA
379 379 NA
380 380 -108.7877449
381 381 -104.0375487
382 382 NA
383 383 -89.60166005
384 384 12.29047919
385 385 -22.70773321
386 386 11.02051156
388 388 44.80197506
389 389 -24.48708134
390 390 -70.2026085
391 391 44.06658436
393 393 26.09786203
394 394 32.64443532
395 395 95.16513848
396 396 70.2170228
397 397 45.30876574
398 398 -48.02311758
399 399 -38.77554626
400 400 -100.7445532
401 401 -58.41216434
402 402 3.075436548
403 403 50.80485523
404 404 68.21205499
405 405 -89.58258665
406 406 17.7971314
407 407 -84.65757055
408 408 53.69320073
409 409 -25.43870775
410 410 58.66617125
411 411 71.01966785
412 412 49.12028752
413 413 70.30583102
414 414 -40.0470007
415 415 30.29379429
416 416 122.6797446
417 417 21.16463722
418 418 -81.53004801
419 419 30.59004261
420 420 56.73603873
421 421 -45.52936899
422 422 -13.17778727
423 423 -1.416744034
424 424 128.8564929
425 425 -56.42398554
426 426 -19.372771
427 427 53.98271262
428 428 NA
429 429 40.90441363
430 430 50.24333266
431 431 -87.41089665
432 432 -101.9725541
433 433 30.02852004
434 434 10.93675257
435 435 -101.7363172
436 436 -27.80830496
437 437 69.89662271
438 438 13.74436543
439 439 -79.21975149
440 440 53.69706618
441 441 41.99543023
442 442 62.03530669
443 443 18.23654601
444 444 99.12694689
445 445 95.23442808
446 446 76.00932145
447 447 -41.36034806
448 448 -25.46105931
449 449 22.7287266
450 450 -117.0183322
451 451 -76.89310246
452 452 NA
453 453 -82.61016974
455 455 -5.496350773
456 456 -37.56538034
457 457 -76.11194579
458 458 36.76679091
459 459 -88.45274282
460 460 -36.18871728
461 461 -31.0516445
462 462 -20.50851151
463 463 52.48942295
464 464 -54.19986588
465 465 -1.416744034
466 466 16.55197829
467 467 -41.82524584
468 468 -50.14746992
469 469 -72.94453569
470 470 12.52594495
471 471 28.79776885
472 472 143.4560797
473 473 -43.22115909
474 474 -47.48766815
475 475 -14.89328578
476 476 -64.06252536
477 477 34.51259167
478 478 110.1402513
479 479 71.01966785
480 480 -5.908924617
481 481 -33.0327061
482 482 32.27461033
483 483 52.32040312
484 484 -19.94698894
485 485 102.4619091
486 486 33.33276684
487 487 50.24333266
488 488 -38.94204339
489 489 6.783826987
490 490 116.5029962
491 491 -26.55207592
492 492 61.47378412
493 493 67.74934314
494 494 24.97481689
495 495 13.18284286
496 496 32.25209345
497 497 -58.7874995
498 498 -64.5601007
499 499 -50.83073044
500 500 44.83756456
501 501 -17.13937607
502 502 31.95610379
503 503 18.79806859
504 504 -7.656256407
505 505 -19.94698894
506 506 79.1487518
507 507 64.84291955
508 508 16.81281022
509 509 32.27461033
510 510 22.72214751
511 511 -38.53935831
512 512 -38.47723384
513 513 -13.06643999
514 514 74.34701196
515 515 -14.99898247
516 516 47.99724237
517 517 -16.22710303
518 518 NA
519 519 36.76679091
520 520 -75.79332569
521 521 -86.82926055
522 522 -1.978266607
523 523 59.09702296
524 524 -60.47715892
525 525 137.2793314
526 526 26.09786203
527 527 53.6124681
528 528 60.91226154
529 529 -33.72103763
530 530 -72.73011078
531 531 -1.416744034
532 532 156.3710989
533 533 -4.37813955
534 534 -39.13888161
535 535 90.4642835
536 536 -34.51606457
537 537 105.3219306
538 538 94.60361591
539 539 12.39717462
540 540 -32.86200811
541 541 -48.28269509
542 542 -110.5285221
543 543 -110.2876835
544 544 -53.07682073
545 545 -31.73896296
546 546 46.31267465
547 547 13.18284286
548 548 NA
549 549 117.6260414
550 550 62.59682926
551 551 52.42174628
552 552 85.05773217
553 553 101.3418868
554 554 24.97481689
555 555 16.42046835
556 556 NA
557 557 -103.9308533
558 558 26.42602061
559 559 -41.75932998
560 560 17.74596616
561 561 -130.9917598
562 562 11.30615801
563 563 -62.34152931
564 564 -73.97147746
565 565 77.19641615
566 566 -23.29170048
567 567 68.77357756
568 568 39.01288121
569 569 -31.66256572
570 570 28.9054749
571 571 -5.347402044
572 572 -51.0360212
573 573 -120.0680317
574 574 -99.12116664
575 575 NA
576 576 55.65536533
577 577 -40.93612327
578 578 -22.19307923
579 579 -82.16560845
580 580 -8.852294469
581 581 -51.72435272
582 582 -86.7681751
583 583 -106.3488614
584 584 -45.44484643
585 585 -110.125837
586 586 -99.85938344
587 587 63.71987441
588 588 42.68376176
589 589 92.35752562
590 590 93.90594113
591 591 38.9977424
592 592 -43.07203254
593 593 83.37316446
594 594 33.48469477
595 595 58.10464868
596 596 92.35752562
597 597 2.072201726
598 598 65.39870212
599 599 -81.21591292
600 600 -59.87763561
601 601 81.12707416
602 602 43.50506179
603 603 -79.67518435
604 604 -93.50644597
605 605 20.27551465
606 606 NA
607 607 NA
608 608 NA
609 609 NA
610 610 NA
611 611 NA
612 612 NA
613 613 -117.5748667
614 614 46.86984243
615 615 -122.9184896
616 616 -74.89456055