206 206 4.109382343
207 207 4.638584558
208 208 4.305659377
209 209 NA
210 210 -4.146701147
211 211 -1.905807886
212 212 4.109382343
213 213 -1.541106207
214 214 -2.986976283
215 215 1.240868899
216 216 4.109382343
217 217 -0.445122669
218 218 NA
219 219 -2.351512879
221 221 1.587739858
222 222 -3.622439686
223 223 -5.528829896
224 224 2.800917685
225 225 4.241154009
226 226 NA
227 227 1.199925746
228 228 2.564056214
229 229 3.367657751
230 230 -2.538884978
231 231 -1.716049476
232 232 -0.445122669
233 233 NA
234 234 -1.970313255
235 235 -1.716049476
236 236 2.300549571
237 237 -4.451547984
238 238 3.44778765
239 239 4.109382343
240 240 2.556515527
241 241 NA
242 242 -2.682241294
243 243 NA
244 244 -0.445122669
245 245 3.367657751
246 246 -0.445122669
247 247 2.448106882
248 248 4.346602531
249 249 4.638584558
250 250 4.638584558
251 251 4.305659377
252 252 -0.549218105
253 253 0.825804138
254 254 -0.445122669
255 255 4.638584558
256 256 3.5832974
257 257 3.835529023
258 258 -4.257903089
259 259 -2.986976283
260 260 -1.080586072
261 261 4.241154009
262 262 2.25737173
263 263 -5.669380233
264 264 -2.986976283
265 265 -0.549218105
266 266 4.638584558
267 267 -0.155586062
268 268 -8.181780519
269 269 -3.018544812
270 270 3.835529023
271 271 4.638584558
272 272 2.096730945
273 273 -4.146701147
274 274 3.530682187
275 275 0.533125295
276 276 2.800917685
277 277 -2.986976283
278 278 1.199925746
279 279 2.096730945
280 280 4.638584558
281 281 4.305659377
282 282 -4.970598364
283 283 4.638584558
284 284 NA
285 285 -2.351512879
286 286 -1.088431324
287 287 -4.146701147
288 288 -6.799756703
289 289 -4.970598364
290 290 2.556515527
291 291 -6.799756703
292 292 -0.311997916
293 293 -5.528829896
294 294 4.638584558
295 295 4.305659377
296 296 4.638584558
297 297 2.800917685
298 298 3.5832974
299 299 4.477943773
300 300 0.423492338
301 301 0.825804138
302 302 -1.905807886
303 303 -1.905807886
304 304 -4.282210898
305 305 -1.716049476
306 306 -0.227244299
307 307 -0.445122669
308 308 -1.864864732
309 309 -4.282210898
310 310 -1.905807886
311 311 -5.528829896
312 312 -5.207818553
313 313 -6.628913703
314 314 -3.691194448
315 315 -4.970598364
316 316 -6.27776844
317 317 -1.864864732
318 318 1.757076944
319 319 NA
320 320 -6.564408334
321 321 -3.458674702
322 322 -0.445122669
323 323 -1.905807886
324 324 4.346602531
325 325 -1.088431324
326 326 1.976359154
327 327 -1.716049476
328 328 -4.970598364
329 329 -5.011541518
330 330 1.461267541
331 331 -0.460432899
332 332 -4.257903089
333 333 -5.528829896
334 334 -5.011541518
335 335 -5.528829896
336 336 -2.986976283
337 337 -1.080586072
338 338 -5.076046887
339 339 0.825804138
340 340 -5.528829896
341 341 4.305659377
342 342 NA
343 343 NA
344 344 -4.481827307
345 345 NA
346 346 NA
347 347 2.374510972
348 348 -1.970313255
349 349 -3.208090054
350 350 3.44778765
351 351 -4.970598364
352 352 -3.417731548
353 353 -0.549218105
354 354 -4.776041237
355 355 4.638584558
356 356 -4.257903089
357 357 -3.523180071
358 358 4.109382343
359 359 4.109382343
360 360 -0.35294107
361 361 2.688287193
362 362 3.367657751
363 363 -2.351512879
364 364 NA
365 365 NA
366 366 NA
367 367 NA
368 368 NA
369 369 NA
370 370 NA
371 371 NA
372 372 NA
373 373 NA
374 374 -4.970598364
375 375 -4.970598364
376 376 4.346602531
377 377 NA
378 378 NA
379 379 NA
380 380 2.564056214
381 381 4.109382343
382 382 NA
383 383 2.800917685
384 384 -5.207818553
385 385 4.305659377
386 386 -5.528829896
388 388 -5.207818553
389 389 4.346602531
390 390 4.305659377
391 391 -2.986976283
393 393 0.825804138
394 394 -4.970598364
395 395 -1.080586072
396 396 -1.905807886
397 397 -8.11727515
398 398 -0.445122669
399 399 2.752792562
400 400 3.916817968
401 401 4.241154009
402 402 -5.528829896
403 403 2.096730945
404 404 -2.986976283
405 405 -2.102084921
406 406 -2.102084921
407 407 3.528298537
408 408 -4.431385145
409 409 -3.654951737
410 410 -0.445122669
411 411 -2.986976283
412 412 -1.716049476
413 413 -4.299613479
414 414 -0.445122669
415 415 -0.35294107
416 416 -1.716049476
417 417 -0.407817685
418 418 2.374510972
419 419 2.096730945
420 420 -4.970598364
421 421 1.003648711
422 422 4.109382343
423 423 -2.986976283
424 424 -1.716049476
425 425 2.374510972
426 426 2.556515527
427 427 -0.238480599
428 428 NA
429 429 1.240868899
430 430 -5.528829896
431 431 4.305659377
432 432 4.109382343
433 433 -2.986976283
434 434 -4.257903089
435 435 3.291489448
436 436 4.638584558
437 437 2.096730945
438 438 -6.799756703
439 439 2.096730945
440 440 2.752792562
441 441 1.199925746
442 442 -6.799756703
443 443 3.367657751
444 444 -3.458674702
445 445 -5.207818553
446 446 -4.970598364
447 447 3.530682187
448 448 -3.458674702
449 449 2.096730945
450 450 -4.451547984
451 451 -0.543327435
452 452 -0.238480599
453 453 3.752634486
455 455 3.752634486
456 456 4.346602531
457 457 0.825804138
458 458 -2.986976283
459 459 4.638584558
460 460 5.909511365
461 461 -0.374656534
462 462 0.825804138
463 463 2.096730945
464 464 0.825804138
465 465 4.638584558
466 466 -2.986976283
467 467 3.835529023
468 468 1.70446173
469 469 2.800917685
470 470 -0.238480599
471 471 3.530682187
472 472 0.825804138
473 473 3.530682187
474 474 4.305659377
475 475 4.638584558
476 476 2.448106882
477 477 -1.970313255
478 478 1.199925746
479 479 -3.654951737
480 480 0.825804138
481 481 0.190340734
482 482 -0.445122669
483 483 -5.011541518
484 484 2.096730945
485 485 -2.878518329
486 486 -1.088431324
487 487 -2.986976283
488 488 4.346602531
489 489 1.003648711
490 490 0.190340734
491 491 -4.970598364
492 492 -0.445122669
493 493 -4.970598364
494 494 -0.445122669
495 495 4.638584558
496 496 4.638584558
497 497 4.840833525
498 498 1.535124644
499 499 0.825804138
500 500 -1.970313255
501 501 2.151749262
502 502 1.240868899
503 503 -1.080586072
504 504 -0.460432899
505 505 4.638584558
506 506 2.374510972
507 507 4.638584558
508 508 -4.970598364
509 509 4.638584558
510 510 -0.35294107
511 511 4.305659377
512 512 4.638584558
513 513 0.566659047
514 514 -0.35294107
515 515 -0.543327435
516 516 -0.445122669
517 517 -4.970598364
518 518 NA
519 519 -2.986976283
520 520 2.800917685
521 521 1.003648711
522 522 4.638584558
523 523 4.109382343
524 524 4.241154009
525 525 0.825804138
526 526 0.825804138
527 527 -4.257903089
528 528 -0.445122669
529 529 4.305659377
530 530 4.638584558
531 531 4.638584558
532 532 -4.257903089
533 533 -2.538884978
534 534 4.241154009
535 535 -4.970598364
536 536 4.109382343
537 537 -3.458674702
538 538 2.096730945
539 539 -5.011541518
540 540 0.825804138
541 541 -2.986976283
542 542 4.346602531
543 543 3.835529023
544 544 4.638584558
545 545 4.638584558
546 546 -0.445122669
547 547 3.367657751
548 548 NA
549 549 -6.799756703
550 550 -0.445122669
551 551 -4.146701147
552 552 -4.257903089
553 553 2.732194348
554 554 4.638584558
555 555 4.638584558
556 556 -0.343193631
557 557 -0.35294107
558 558 -0.291095813
559 559 5.005150276
560 560 2.837750252
561 561 3.700019273
562 562 0.825804138
563 563 2.564056214
564 564 3.5832974
565 565 -0.445122669
566 566 2.429240685
567 567 4.638584558
568 568 -2.986976283
569 569 3.530682187
570 570 -2.986976283
571 571 -2.986976283
572 572 0.190340734
573 573 2.017302307
574 574 -0.543327435
575 575 -3.134494144
576 576 -2.102084921
577 577 3.835529023
578 578 4.638584558
579 579 2.754855715
580 580 -0.417446439
581 581 4.109382343
582 582 4.638584558
583 583 2.532903415
584 584 3.752634486
585 585 4.305659377
586 586 4.346602531
587 587 4.638584558
588 588 -0.35294107
589 589 -5.528829896
590 590 -4.970598364
591 591 -2.102084921
592 592 -1.864864732
593 593 0.190340734
594 594 -0.284481884
595 595 -4.893366493
596 596 -4.257903089
597 597 4.305659377
598 598 0.423492338
599 599 1.199925746
600 600 2.752792562
601 601 -2.986976283
602 602 -6.799756703
603 603 1.199925746
604 604 4.638584558
605 605 -1.864864732
606 606 NA
607 607 NA
608 608 NA
609 609 NA
610 610 NA
611 611 NA
612 612 NA
613 613 2.564056214
614 614 -2.320480691
615 615 4.672094033
616 616 2.564056214