206 206 1 3
207 207 1 3
208 208 1 3
209 209 1 1
210 210 1 1
211 211 1 3
212 212 1 3
213 213 1 3
214 214 1 3
215 215 1 3
216 216 1 3
217 217 1 3
218 218 1 3
219 219 1 3
221 221 1 3
222 222 1 3
223 223 1 3
224 224 1 1
225 225 1 3
226 226 1 4
227 227 1 3
228 228 1 3
229 229 1 3
230 230 1 3
231 231 1 3
232 232 1 3
233 233 1 1
234 234 1 3
235 235 1 3
236 236 1 4
237 237 1 3
238 238 1 3
239 239 1 3
240 240 1 3
241 241 1 1
242 242 1 1
243 243 1 1
244 244 1 3
245 245 1 1
246 246 1 3
247 247 1 3
248 248 1 3
249 249 1 3
250 250 1 3
251 251 1 3
252 252 1 3
253 253 1 3
254 254 1 3
255 255 1 3
256 256 1 3
257 257 1 3
258 258 1 3
259 259 1 3
260 260 1 3
261 261 1 3
262 262 1 3
263 263 1 3
264 264 1 3
265 265 1 3
266 266 1 3
267 267 1 3
268 268 1 3
269 269 1 3
270 270 1 3
271 271 1 3
272 272 1 3
273 273 1 3
274 274 1 3
275 275 1 3
276 276 1 3
277 277 1 3
278 278 1 3
279 279 1 3
280 280 1 3
281 281 1 3
282 282 1 3
283 283 1 3
284 284 1 3
285 285 1 3
286 286 1 3
287 287 1 1
288 288 1 1
289 289 1 3
290 290 1 3
291 291 1 3
292 292 1 3
293 293 1 3
294 294 1 3
295 295 1 3
296 296 1 3
297 297 1 3
298 298 1 3
299 299 1 3
300 300 1 1
301 301 1 3
302 302 1 3
303 303 1 3
304 304 1 3
305 305 1 3
306 306 1 3
307 307 1 3
308 308 1 3
309 309 1 3
310 310 1 3
311 311 1 3
312 312 1 3
313 313 1 3
314 314 1 3
315 315 1 3
316 316 1 3
317 317 1 3
318 318 1 1
319 319 1 1
320 320 1 1
321 321 1 1
322 322 1 3
323 323 1 3
324 324 1 3
325 325 1 3
326 326 1 3
327 327 1 3
328 328 1 1
329 329 1 1
330 330 1 1
331 331 1 1
332 332 1 1
333 333 1 1
334 334 1 3
335 335 1 3
336 336 1 3
337 337 1 3
338 338 1 4
339 339 1 3
340 340 1 3
341 341 1 3
342 342 1 3
343 343 1 3
344 344 1 3
345 345 1 3
346 346 1 3
347 347 1 3
348 348 1 3
349 349 1 3
350 350 1 3
351 351 1 3
352 352 1 3
353 353 1 3
354 354 1 3
355 355 1 1
356 356 1 3
357 357 1 3
358 358 1 1
359 359 1 1
360 360 1 1
361 361 1 1
362 362 1 1
363 363 1 1
364 364 1 2
365 365 1 2
366 366 1 2
367 367 1 2
368 368 1 5
369 369 1 5
370 370 1 5
371 371 1 5
372 372 1 4
373 373 1 4
374 374 1 1
375 375 1 1
376 376 1 4
377 377 1 4
378 378 1 4
379 379 1 4
380 380 1 4
381 381 1 3
382 382 1 3
383 383 1 3
384 384 1 3
385 385 1 3
386 386 1 3
388 388 1 3
389 389 1 3
390 390 1 3
391 391 1 3
393 393 1 3
394 394 1 3
395 395 1 3
396 396 1 3
397 397 1 3
398 398 1 3
399 399 1 3
400 400 1 3
401 401 1 3
402 402 1 3
403 403 1 3
404 404 1 3
405 405 1 3
406 406 1 3
407 407 1 3
408 408 1 3
409 409 1 3
410 410 1 3
411 411 1 3
412 412 1 3
413 413 1 3
414 414 1 3
415 415 1 3
416 416 1 3
417 417 1 3
418 418 1 3
419 419 1 3
420 420 1 3
421 421 1 3
422 422 1 3
423 423 1 3
424 424 1 3
425 425 1 3
426 426 1 3
427 427 1 3
428 428 1 3
429 429 1 3
430 430 1 3
431 431 1 3
432 432 1 3
433 433 1 3
434 434 1 3
435 435 1 3
436 436 1 3
437 437 1 3
438 438 1 3
439 439 1 3
440 440 1 3
441 441 1 3
442 442 1 3
443 443 1 3
444 444 1 3
445 445 1 3
446 446 1 3
447 447 1 3
448 448 1 3
449 449 1 3
450 450 1 1
451 451 1 1
452 452 1 1
453 453 1 1
455 455 1 3
456 456 1 3
457 457 1 3
458 458 1 3
459 459 1 3
460 460 1 3
461 461 1 3
462 462 1 3
463 463 1 3
464 464 1 3
465 465 1 3
466 466 1 3
467 467 1 3
468 468 1 3
469 469 1 3
470 470 1 3
471 471 1 3
472 472 1 3
473 473 1 3
474 474 1 3
475 475 1 3
476 476 1 3
477 477 1 3
478 478 1 3
479 479 1 3
480 480 1 3
481 481 1 3
482 482 1 3
483 483 1 3
484 484 1 3
485 485 1 3
486 486 1 3
487 487 1 3
488 488 1 3
489 489 1 3
490 490 1 3
491 491 1 3
492 492 1 3
493 493 1 3
494 494 1 3
495 495 1 3
496 496 1 3
497 497 1 3
498 498 1 3
499 499 1 3
500 500 1 3
501 501 1 3
502 502 1 3
503 503 1 3
504 504 1 3
505 505 1 3
506 506 1 3
507 507 1 3
508 508 1 3
509 509 1 3
510 510 1 3
511 511 1 3
512 512 1 3
513 513 1 3
514 514 1 3
515 515 1 3
516 516 1 3
517 517 1 3
518 518 1 4
519 519 1 3
520 520 1 3
521 521 1 3
522 522 1 3
523 523 1 3
524 524 1 1
525 525 1 3
526 526 1 3
527 527 1 3
528 528 1 3
529 529 1 3
530 530 1 3
531 531 1 3
532 532 1 4
533 533 1 3
534 534 1 3
535 535 1 3
536 536 1 3
537 537 1 3
538 538 1 3
539 539 1 3
540 540 1 3
541 541 1 3
542 542 1 3
543 543 1 3
544 544 1 3
545 545 1 3
546 546 1 3
547 547 1 3
548 548 1 3
549 549 1 3
550 550 1 3
551 551 1 3
552 552 1 3
553 553 1 3
554 554 1 3
555 555 1 3
556 556 1 1
557 557 1 3
558 558 1 3
559 559 1 3
560 560 1 3
561 561 1 3
562 562 1 3
563 563 1 3
564 564 1 3
565 565 1 3
566 566 1 3
567 567 1 3
568 568 1 3
569 569 1 3
570 570 1 3
571 571 1 3
572 572 1 3
573 573 1 1
574 574 1 1
575 575 1 1
576 576 1 3
577 577 1 3
578 578 1 3
579 579 1 3
580 580 1 3
581 581 1 3
582 582 1 3
583 583 1 3
584 584 1 3
585 585 1 3
586 586 1 3
587 587 1 3
588 588 1 3
589 589 1 3
590 590 1 3
591 591 1 3
592 592 1 3
593 593 1 3
594 594 1 3
595 595 1 3
596 596 1 3
597 597 1 3
598 598 1 3
599 599 1 3
600 600 1 3
601 601 1 1
602 602 1 1
603 603 1 3
604 604 1 3
605 605 1 3
606 606 1 3
607 607 1 3
608 608 1 3
609 609 1 3
610 610 1 3
611 611 1 3
612 612 1 3
613 613 1 4
614 614 1 1
615 615 1 4
616 616 1 4
