206 206 -2.83830662
207 207 -6.361236375
208 208 -8.364049038
209 209 NA
210 210 11.53159599
211 211 1.815501841
212 212 -3.349574138
213 213 16.55889685
214 214 10.47176562
215 215 -6.720411024
216 216 -8.336398232
217 217 -9.951553219
218 218 5.306075789
219 219 -1.986381509
221 221 -2.686474829
222 222 6.219936987
223 223 -1.544271819
224 224 NA
225 225 -6.354540103
226 226 -9.220138009
227 227 -6.776544858
228 228 -6.314895249
229 229 -1.544271819
230 230 3.946844661
231 231 -4.132341421
232 232 4.335984407
233 233 NA
234 234 12.89545569
235 235 -0.426528135
236 236 2.127078613
237 237 3.911083775
238 238 NA
239 239 -1.986381509
240 240 -1.986381509
241 241 2.40083303
242 242 5.306075789
243 243 NA
244 244 -0.031364063
245 245 3.073407797
246 246 -9.556389147
247 247 -6.396997261
248 248 -3.40965249
249 249 -9.308480626
250 250 -8.407664878
251 251 -4.343872485
252 252 1.851262727
253 253 -2.83830662
254 254 -4.826705061
255 255 -10.50324681
256 256 5.366154141
257 257 -10.50324681
258 258 3.631867385
259 259 19.71487134
260 260 -8.450122036
261 261 -1.618868243
262 262 -6.742950243
263 263 15.7876926
264 264 9.32528326
265 265 -1.986381509
266 266 -2.83830662
267 267 -6.396997261
268 268 11.30795151
269 269 2.40083303
270 270 -8.450122036
271 271 -6.314895249
272 272 -8.014445825
273 273 -2.975557712
274 274 -6.82984631
275 275 -6.953650308
276 276 -2.737077722
277 277 -0.250237018
278 278 -8.407664878
279 279 1.160976046
280 280 -4.793876605
281 281 -6.314895249
282 282 12.87497311
283 283 -1.618868243
284 284 NA
285 285 -2.653444506
286 286 8.626353229
287 287 5.921751393
288 288 16.04782976
289 289 8.485943262
290 290 -4.3081116
291 291 18.23597443
292 292 4.698320023
293 293 -1.651696699
294 294 -6.776544858
295 295 -6.82984631
296 296 -5.426376223
297 297 -3.349574138
298 298 NA
299 299 -8.371903992
300 300 -3.40965249
301 301 -0.250237018
302 302 5.921751393
303 303 4.335984407
304 304 7.73777908
305 305 -1.424910388
306 306 NA
307 307 7.698833903
308 308 11.50190937
309 309 NA
310 310 5.488902343
311 311 2.337832584
312 312 10.94043825
313 313 9.687618877
314 314 3.187645706
315 315 11.27512306
316 316 2.460911381
317 317 -6.314895249
318 318 NA
319 319 5.306075789
320 320 NA
321 321 5.923488587
322 322 -8.414361151
323 323 -3.601536496
324 324 -7.939054943
325 325 -6.361236375
326 326 5.923488587
327 327 -4.826705061
328 328 NA
329 329 3.073407797
330 330 -5.591717589
331 331 NA
332 332 6.404799102
333 333 17.48959047
334 334 4.335984407
335 335 10.28690351
336 336 -0.250237018
337 337 7.698833903
338 338 26.04906176
339 339 4.698320023
340 340 7.538643574
341 341 -2.248290551
342 342 -0.50440973
343 343 2.40083303
344 344 -6.314895249
345 345 NA
346 346 2.460911381
347 347 NA
348 348 11.59167434
349 349 NA
350 350 NA
351 351 4.698320023
352 352 3.110815843
353 353 -2.212529666
354 354 20.30965621
355 355 -8.336398232
356 356 11.58093831
357 357 -5.642320482
358 358 -3.40965249
359 359 -9.160059658
360 360 -0.670471984
361 361 3.904387503
362 362 3.631867385
363 363 11.58093831
364 364 NA
365 365 NA
366 366 NA
367 367 NA
368 368 NA
369 369 NA
370 370 NA
371 371 NA
372 372 NA
373 373 NA
374 374 4.67299725
375 375 2.40083303
376 376 NA
377 377 NA
378 378 NA
379 379 NA
380 380 NA
381 381 -10.93609586
382 382 NA
383 383 NA
384 384 -6.748894051
385 385 -6.354540103
386 386 3.435777568
388 388 -0.670471984
389 389 -8.001713422
390 390 -0.426528135
391 391 2.522694699
393 393 -0.250237018
394 394 -4.343872485
395 395 -0.064192519
396 396 1.160976046
397 397 3.868626617
398 398 -4.343872485
399 399 -6.82984631
400 400 -2.248290551
401 401 -5.885930167
402 402 22.48780306
403 403 -0.250237018
404 404 9.579720378
405 405 10.94043825
406 406 -6.748894051
407 407 2.460911381
408 408 16.04782976
409 409 -0.670471984
410 410 1.556140118
411 411 4.363635213
412 412 1.043797783
413 413 19.47225873
414 414 -8.450122036
415 415 -2.014032316
416 416 -1.544271819
417 417 3.904387503
418 418 -6.254816898
419 419 -8.014445825
420 420 3.337602154
421 421 -6.361236375
422 422 -9.923902413
423 423 -0.250237018
424 424 3.631867385
425 425 NA
426 426 -10.93609586
427 427 18.01465628
428 428 -3.349574138
429 429 3.110815843
430 430 8.992868704
431 431 -8.407664878
432 432 -3.832805392
433 433 1.043797783
434 434 3.8167295
435 435 -4.766225798
436 436 -5.189040677
437 437 6.285824204
438 438 3.8167295
439 439 -6.776544858
440 440 1.160976046
441 441 2.748480226
442 442 14.31458211
443 443 -3.23920088
444 444 14.31458211
445 445 10.30944272
446 446 11.27512306
447 447 -2.737077722
448 448 -5.189040677
449 449 2.748480226
450 450 NA
451 451 NA
452 452 NA
453 453 -6.254816898
455 455 NA
456 456 -4.3081116
457 457 -2.737077722
458 458 2.337832584
459 459 -9.923902413
460 460 -6.396997261
461 461 -1.571031537
462 462 -0.250237018
463 463 -2.83830662
464 464 -6.720411024
465 465 -4.132341421
466 466 -1.544271819
467 467 -8.450122036
468 468 3.729081107
469 469 -5.642320482
470 470 0.273444159
471 471 5.488902343
472 472 5.110764301
473 473 -6.254816898
474 474 -8.014445825
475 475 -10.60251543
476 476 0.218767931
477 477 3.946844661
478 478 2.748480226
479 479 14.46331492
480 480 10.94043825
481 481 -5.189040677
482 482 -1.544271819
483 483 -5.189040677
484 484 1.34337177
485 485 9.126147755
486 486 3.868626617
487 487 -2.83830662
488 488 -4.826705061
489 489 -4.776721535
490 490 3.631867385
491 491 5.978650557
492 492 6.285824204
493 493 -2.83830662
494 494 -2.83830662
495 495 -8.014445825
496 496 1.188626852
497 497 -1.632223973
498 498 -0.670471984
499 499 -5.189040677
500 500 11.30795151
501 501 2.522694699
502 502 -0.064192519
503 503 1.043797783
504 504 5.488902343
505 505 -6.720411024
506 506 -2.248290551
507 507 -1.544271819
508 508 -0.064192519
509 509 -6.776544858
510 510 -0.426528135
511 511 -6.82984631
512 512 -6.82984631
513 513 -2.542953132
514 514 11.94158021
515 515 -3.349574138
516 516 -0.031364063
517 517 6.512610515
518 518 NA
519 519 6.285824204
520 520 2.975266538
521 521 -3.936221306
522 522 -9.308480626
523 523 1.188626852
524 524 NA
525 525 1.043797783
526 526 -1.618868243
527 527 2.337832584
528 528 9.687618877
529 529 -6.776544858
530 530 -4.132341421
531 531 -6.720411024
532 532 5.110764301
533 533 -4.265654441
534 534 -3.810228215
535 535 11.27512306
536 536 -6.361236375
537 537 5.923488587
538 538 -8.336398232
539 539 -0.444331379
540 540 -10.60251543
541 541 -0.670471984
542 542 2.40083303
543 543 -6.314895249
544 544 -8.364049038
545 545 -4.793876605
546 546 1.043797783
547 547 -1.986381509
548 548 NA
549 549 20.92268906
550 550 -0.250237018
551 551 3.868626617
552 552 7.513971789
553 553 -0.250237018
554 554 4.335984407
555 555 -4.132341421
556 556 NA
557 557 -8.407664878
558 558 -0.195165776
559 559 -5.189040677
560 560 3.868626617
561 561 -5.642320482
562 562 2.776131032
563 563 NA
564 564 -8.414361151
565 565 1.523311662
566 566 -1.723294787
567 567 6.512610515
568 568 3.631867385
569 569 -6.82984631
570 570 -4.132341421
571 571 -6.720411024
572 572 -6.748894051
573 573 -3.349574138
574 574 NA
575 575 NA
576 576 7.765429886
577 577 -6.396997261
578 578 -9.308480626
579 579 -7.939054943
580 580 -0.250237018
581 581 -5.161389871
582 582 -8.882971086
583 583 9.552069572
584 584 -5.642320482
585 585 5.978650557
586 586 -6.396997261
587 587 -5.189040677
588 588 -0.426528135
589 589 17.12680174
590 590 8.268179708
591 591 1.415413163
592 592 -4.3081116
593 593 1.043797783
594 594 -1.566811039
595 595 6.219936987
596 596 4.335984407
597 597 -8.882971086
598 598 -2.014032316
599 599 -9.951553219
600 600 -6.396997261
601 601 11.58093831
602 602 17.12680174
603 603 -4.301415327
604 604 4.67299725
605 605 -2.254986824
606 606 NA
607 607 NA
608 608 NA
609 609 NA
610 610 NA
611 611 NA
612 612 NA
613 613 NA
614 614 -10.97855302
615 615 -7.939054943
616 616 -6.314895249